0 0 1 1 1 1 1 1 0 0 0 0 
0 0 1 1 1 1 1 1 0 0 0 0 
0 0 1 1 1 1 1 1 0 0 0 0 
0 0 1 1 1 1 1 1 0 0 0 0 
1 1 1 1 1 1 1 1 0 0 0 0 
1 1 1 1 1 1 1 1 0 0 0 0 
1 1 1 1 1 1 1 0 0 0 0 0 
1 1 1 1 1 1 1 1 1 0 0 0 
1 1 1 1 1 1 1 1 1 0 0 0 
1 1 1 1 1 1 1 1 1 1 1 1 
1 1 1 1 1 1 1 1 1 1 1 1 
1 1 1 1 1 1 1 1 1 1 1 1 
1 1 1 0 0 0 0 1 1 1 0 0 
1 9 1 0 0 0 0 1 9 1 0 0 
2 2 2 0 0 0 0 2 2 2 0 0 
1 9 1 0 0 0 0 1 9 1 0 0 
1 1 1 0 0 0 0 2 2 2 0 0 
0 0 0 0 0 0 1 2 9 2 1 0 
0 0 0 0 0 0 1 9 4 9 3 1 
0 0 0 0 0 0 1 1 4 9 9 1 
0 0 0 0 0 0 0 0 2 9 3 1 
0 0 0 0 0 0 0 0 1 1 1 0 
0 0 0 0 0 0 0 0 0 0 0 0 
0 0 0 0 0 0 0 0 0 0 0 0 
0 0 1 1 1 1 1 1 0 1 1 1 
0 0 1 1 1 1 1 1 0 1 1 1 
0 0 1 1 1 1 1 1 0 1 1 1 
0 0 1 1 1 1 1 1 0 1 1 1 
1 1 1 1 1 1 1 1 0 1 1 1 
1 1 1 1 1 1 1 1 0 1 1 1 
1 1 1 1 1 1 1 0 0 0 0 0 
1 1 1 1 1 1 1 1 1 0 0 0 
1 1 1 1 1 1 1 1 1 0 0 0 
1 1 1 1 1 1 1 1 1 1 1 1 
1 1 1 1 1 1 1 1 1 1 1 1 
1 1 1 1 1 1 1 1 1 1 1 1 
1 1 1 0 0 0 0 1 1 1 0 0 
1 9 1 0 0 0 0 1 9 1 0 0 
2 2 2 0 0 0 0 2 2 2 0 0 
1 9 1 0 0 0 0 1 9 1 0 0 
1 1 1 0 0 0 0 2 2 2 0 0 
0 0 0 0 0 0 1 2 9 2 1 0 
0 0 0 0 0 0 1 9 4 9 3 1 
0 0 0 0 0 0 1 1 4 9 9 1 
0 0 0 0 0 0 0 0 2 9 3 1 
0 0 0 0 0 0 0 0 1 1 1 0 
0 0 0 0 0 0 0 0 0 0 0 0 
0 0 0 0 0 0 0 0 0 0 0 0 
0 0 1 1 1 1 1 1 0 1 1 1 
0 0 1 1 1 1 1 1 0 1 1 1 
0 0 1 1 1 1 1 1 0 1 1 1 
0 0 1 1 1 1 1 1 0 1 1 1 
1 1 1 1 1 1 1 1 0 1 1 1 
1 1 1 1 1 1 1 1 0 1 1 1 
1 1 1 1 1 1 1 0 0 0 0 0 
1 1 1 1 1 1 1 1 1 0 0 0 
1 1 1 1 1 1 1 1 1 0 1 0 
1 1 1 1 1 1 1 1 1 1 1 1 
1 1 1 1 1 1 1 1 1 1 1 1 
1 1 1 1 1 1 1 1 1 1 1 1 
1 1 1 0 0 0 0 1 1 1 0 0 
1 9 1 0 0 0 0 1 9 1 0 0 
2 2 2 0 0 0 0 2 2 2 0 0 
1 9 1 0 0 0 0 1 9 1 0 0 
1 1 1 0 0 0 0 2 2 2 0 0 
0 0 0 0 0 0 1 2 9 2 1 0 
0 0 0 0 0 0 1 9 4 9 3 1 
0 0 0 0 0 0 1 1 4 9 9 1 
0 0 0 0 0 0 0 0 2 9 3 1 
0 0 0 0 0 0 0 0 1 1 1 0 
0 0 0 0 0 0 0 0 0 0 0 0 
0 0 0 0 0 0 0 0 0 0 0 0 
0 0 1 1 1 1 1 1 0 1 1 1 
0 0 1 1 1 1 1 1 0 1 1 1 
0 0 1 1 1 1 1 1 0 1 1 1 
0 0 1 1 1 1 1 1 0 1 1 1 
1 1 1 1 1 1 1 1 0 1 1 1 
1 1 1 1 1 1 1 1 0 1 1 1 
1 1 1 1 1 1 1 0 0 0 1 0 
1 1 1 1 1 1 1 1 1 0 0 0 
1 1 1 1 1 1 1 1 1 0 1 0 
1 1 1 1 1 1 1 1 1 1 1 1 
1 1 1 1 1 1 1 1 1 1 1 1 
1 1 1 1 1 1 1 1 1 1 1 1 
1 1 1 0 0 0 0 1 1 1 0 0 
1 9 1 0 0 0 0 1 9 1 0 0 
2 2 2 0 0 0 0 2 2 2 0 0 
1 9 1 0 0 0 0 1 9 1 0 0 
1 1 1 0 0 0 0 2 2 2 0 0 
0 0 0 0 0 0 1 2 9 2 1 0 
0 0 0 0 0 0 1 9 4 9 3 1 
0 0 0 0 0 0 1 1 4 9 9 1 
0 0 0 0 0 0 0 0 2 9 3 1 
0 0 0 0 0 0 0 0 1 1 1 0 
0 0 0 0 0 0 0 0 0 0 0 0 
0 0 0 0 0 0 0 0 0 0 0 0 
0 0 1 1 1 1 1 1 0 1 1 1 
0 0 1 1 1 1 1 1 0 1 1 1 
0 0 1 1 1 1 1 1 0 1 1 1 
0 0 1 1 1 1 1 1 0 1 1 1 
1 1 1 1 1 1 1 1 0 1 1 1 
1 1 1 1 1 1 1 1 0 1 1 1 
1 1 1 1 1 1 1 0 1 0 1 0 
1 1 1 1 1 1 1 1 1 0 0 0 
1 1 1 1 1 1 1 1 1 0 1 0 
1 1 1 1 1 1 1 1 1 1 1 1 
1 1 1 1 1 1 1 1 1 1 1 1 
1 1 1 1 1 1 1 1 1 1 1 1 
1 1 1 0 0 0 0 1 1 1 0 0 
1 9 1 0 0 0 0 1 9 1 0 0 
2 2 2 0 0 0 0 2 2 2 0 0 
1 9 1 0 0 0 0 1 9 1 0 0 
1 1 1 0 0 0 0 2 2 2 0 0 
0 0 0 0 0 0 1 2 9 2 1 0 
0 0 0 0 0 0 1 9 4 9 3 1 
0 0 0 0 0 0 1 1 4 9 9 1 
0 0 0 0 0 0 0 0 2 9 3 1 
0 0 0 0 0 0 0 0 1 1 1 0 
0 0 0 0 0 0 0 0 0 0 0 0 
0 0 0 0 0 0 0 0 0 0 0 0 
0 0 1 1 1 1 1 1 0 1 1 1 
0 1 1 1 1 1 1 1 1 1 1 1 
0 0 1 1 1 1 1 1 0 1 1 1 
0 1 1 1 1 1 1 1 1 1 1 1 
1 1 1 1 1 1 1 1 0 1 1 1 
1 1 1 1 1 1 1 1 1 1 1 1 
1 1 1 1 1 1 1 1 1 1 1 0 
1 1 1 1 1 1 1 1 1 1 1 0 
1 1 1 1 1 1 1 1 1 1 1 0 
1 1 1 1 1 1 1 1 1 1 1 1 
1 1 1 1 1 1 1 1 1 1 1 1 
1 1 1 1 1 1 1 1 1 1 1 1 
1 1 1 0 0 0 0 1 1 1 0 0 
1 9 1 0 0 0 0 1 9 1 0 0 
2 2 2 0 0 0 0 2 2 2 0 0 
1 9 1 0 0 0 0 1 9 1 0 0 
1 1 1 0 0 0 0 2 2 2 0 0 
0 0 0 0 0 0 1 2 9 2 1 0 
0 0 0 0 0 0 1 9 4 9 3 1 
0 0 0 0 0 0 1 1 4 9 9 1 
0 0 0 0 0 0 0 0 2 9 3 1 
0 0 0 0 0 0 0 0 1 1 1 0 
0 0 0 0 0 0 0 0 0 0 0 0 
0 0 0 0 0 0 0 0 0 0 0 0 
